gen_data_000001.jpg 19 46 6 73 6 48 19 94 73 22 6 22 22 76 94 118 22 94
gen_data_000002.jpg 619 1478 1377
gen_data_000003.jpg 46 19 6 46 6 19 19 94 46 48 6 118 19 94 105 6 105 118
gen_data_000004.jpg 535 189
gen_data_000005.jpg 19 48 19 6 22 73 19 94 6 94 6 46 6 94 76 105 105 6
gen_data_000006.jpg 241 320 570 757
gen_data_000007.jpg 19 46 22 22 22 19 19 94 73 19 6 94 19 105 22 19 118 105
gen_data_000008.jpg 1004 218 877
gen_data_000009.jpg 46 22 22 48 22 48 19 94 73 105 19 6 6 118 19 6 105 6
gen_data_000011.jpg 19 48 6 22 105 22 22 6 19 22 6 76 19 105 48 105 76 48
gen_data_000012.jpg 863 380 1589
gen_data_000013.jpg 46 48 22 48 22 94 19 94 48 19 6 94 19 46 46 6 118 22
gen_data_000014.jpg 1473 1724
gen_data_000015.jpg 19 73 22 118 22 118 22 6 19 48 6 22 22 105 22 46 19 48
gen_data_000016.jpg 918 821
gen_data_000017.jpg 48 73 19 48 6 19 19 94 76 73 6 48 19 19 76 73 19 1532
gen_data_000018.jpg 2267 1860
gen_data_000019.jpg 48 22 19 48 6 22 19 94 105 48 6 94 6 118 94 105 46 73
