243_4.jpg 1 2 3 4 
8845_3.jpg 5 6 7 7 8 9 10 11 10 8 10 12 13 14 15 16 12 17 12 10 
8867_3.jpg 5 6 7 18 14 17 19 11 10 8 10 12 13 14 14 16 9 16 14 20 
291_0.jpg 19 14 19 10 21 10 22 10 10 23 
394_0.jpg 19 14 19 10 21 14 10 22 14 19 23 
214_0.jpg 19 14 19 14 21 14 16 22 10 24 23 
380_2.jpg 25 6 26 5 19 8 27 16 17 28 6 14 19 14 9 15 14 
256_2.jpg 19 14 10 12 21 10 10 22 19 12 23 
287_4.jpg 1 2 3 4 
361_3.jpg 29 30 5 5 19 14 10 12 8 15 14 10 14 14 14 14 15 10 19 10 12 10 
8860_2.jpg 25 28 13 31 17 5 32 14 12 7 33 19 16 16 24 14 9 
8872_3.jpg 10 10 15 10 24 24 9 15 12 14 14 12 16 10 19 24 17 15 12 14 
336_4.jpg 1 2 3 4 
250_1.jpg 19 14 19 14 21 15 22 19 15 23 
8804_3.jpg 29 30 5 5 19 14 10 12 15 24 10 8 14 14 14 14 14 10 24 14 9 19 
214_2.jpg 25 31 20 19 5 19 10 17 34 35 16 14 19 9 17 17 8 
42_4.jpg 1 2 3 4 
41_2.jpg 25 31 20 15 5 19 15 36 16 7 15 10 19 9 16 10 8 
256_4.jpg 1 2 3 9 14 17 14 24 19 14 10 12 19 15 10 10 14 14 14 14 16 14 15 15 
225_2.jpg 25 28 13 16 17 19 32 14 24 7 6 14 14 19 14 17 12 
428_1.jpg 19 14 19 14 21 14 10 22 10 24 23 
397_0.jpg 19 14 19 14 21 10 14 23 10 15 23 
420_1.jpg 19 14 19 10 21 8 22 19 24 23 
498_3.jpg 5 6 7 7 8 9 10 36 37 29 10 12 13 14 17 24 12 16 8 38 
220_0.jpg 19 14 10 12 21 10 14 22 19 8 23 
361_4.jpg 1 2 3 4 
413_4.jpg 10 10 24 19 24 14 14 15 12 14 14 9 8 9 19 19 9 9 19 14 
45_1.jpg 19 14 19 14 21 17 22 19 19 23 
331_4.jpg 1 2 3 4 
225_0.jpg 19 14 19 14 21 10 10 22 19 10 23 
397_2.jpg 25 6 20 5 33 8 13 33 12 31 39 19 14 14 9 10 24 
273_1.jpg 19 14 10 12 21 10 19 22 19 24 23 
485_1.jpg 19 14 10 12 21 10 10 22 10 8 23 
335_3.jpg 10 14 8 15 16 14 14 15 12 14 14 9 19 10 9 15 12 9 14 14 
393_3.jpg 25 28 32 31 17 5 32 14 34 7 33 15 19 24 17 12 16 
307_4.jpg 1 2 3 4 
250_4.jpg 1 2 3 4 
271_5.jpg 1 2 3 4 
314_1.jpg 19 14 10 12 21 12 22 19 15 23 
470_0.jpg 19 14 19 10 21 17 22 19 9 23 
287_3.jpg 10 10 19 19 16 14 17 19 19 19 14 10 12 14 19 8 15 9 8 11 30 
247_4.jpg 1 2 3 4 
36_2.jpg 25 26 19 35 29 9 29 32 19 35 5 14 10 12 10 14 9 
223_4.jpg 1 2 3 4 
432_0.jpg 19 14 10 12 21 10 14 22 10 9 23 
8847_3.jpg 5 13 32 26 17 19 17 11 10 8 10 12 13 14 12 17 12 19 24 15 32 
383_0.jpg 19 14 19 10 21 14 17 22 10 15 23 
280_2.jpg 25 13 15 24 9 11 8 40 8 26 5 10 12 9 15 8 17 
379_4.jpg 1 2 3 4 
428_2.jpg 25 32 20 10 5 19 10 35 10 37 8 14 14 19 16 8 16 
282_5.jpg 1 2 3 4 
216_1.jpg 19 14 10 12 21 14 24 22 19 24 23 
8847_1.jpg 19 14 19 14 21 14 19 22 14 12 23 
314_4.jpg 1 2 3 4 
280_1.jpg 19 14 10 12 21 10 19 22 10 8 23 
43_0.jpg 19 14 19 10 21 14 16 22 10 10 23 
370_2.jpg 25 20 7 33 27 17 9 14 14 31 16 14 8 17 17 9 10 
412_2.jpg 25 20 28 13 29 9 24 32 19 26 28 19 19 9 8 12 8 
336_1.jpg 19 14 10 12 21 10 10 22 10 19 23 
8804_0.jpg 19 14 19 14 21 14 8 22 10 12 23 
491_4.jpg 1 2 3 4 
243_3.jpg 15 15 15 14 10 19 14 14 15 14 10 14 14 14 16 17 9 16 
8832_4.jpg 19 10 8 16 9 14 15 15 16 19 14 10 12 14 14 14 24 16 17 
303_3.jpg 10 10 19 19 16 14 17 19 19 19 14 19 14 14 14 19 24 14 19 11 30 
256_3.jpg 25 31 41 5 10 9 14 36 34 7 
256_1.jpg 19 14 19 14 21 10 10 22 19 9 23 
36_0.jpg 19 14 19 14 21 10 19 22 8 23 
437_4.jpg 1 2 3 4 
38_1.jpg 19 14 10 12 21 16 22 19 19 23 
243_0.jpg 19 14 19 10 21 8 22 10 15 23 
448_4.jpg 1 2 3 4 
287_2.jpg 25 16 37 24 9 11 8 40 10 28 39 14 16 16 10 16 12 
394_1.jpg 19 14 19 14 21 14 10 22 14 15 23 
335_0.jpg 19 14 19 14 21 10 10 22 19 14 23 
273_3.jpg 5 13 32 26 14 17 14 36 37 29 10 12 13 14 9 15 24 10 9 42 
365_5.jpg 1 2 3 4 
413_2.jpg 25 28 34 36 24 16 36 15 15 28 14 10 8 10 12 8 12 
8867_4.jpg 1 2 3 4 
314_0.jpg 19 14 19 14 21 12 22 19 19 23 
393_2.jpg 25 28 32 31 17 5 32 14 34 7 33 15 19 24 17 12 17 
370_1.jpg 19 14 10 12 21 14 24 22 14 10 23 
208_2.jpg 25 13 32 11 31 5 35 36 12 13 11 14 16 14 9 8 8 
8861_3.jpg 10 14 16 14 8 14 19 15 12 14 14 24 15 9 19 16 16 16 17 8 
8864_4.jpg 1 2 3 4 
38_3.jpg 10 14 10 19 24 14 14 15 12 14 14 24 14 12 19 15 24 9 14 17 
8872_4.jpg 1 2 3 4 
380_3.jpg 10 19 14 19 10 14 14 15 12 14 14 24 9 17 17 17 19 10 19 19 
498_1.jpg 19 14 10 12 21 10 19 22 19 17 23 
247_2.jpg 25 28 34 36 32 16 30 13 24 26 14 10 15 14 14 15 17 
328_3.jpg 1 2 3 4 
303_4.jpg 1 2 3 4 
491_1.jpg 19 14 10 12 21 12 22 10 15 23 
452_1.jpg 19 14 19 14 21 14 8 22 14 15 23 
383_3.jpg 15 14 10 14 15 19 14 19 15 10 14 10 9 8 14 14 10 24 16 14 19 
8804_2.jpg 25 31 41 5 10 9 14 36 14 7 14 14 17 24 8 9 14 43 25 31 41 5 10 9 14 36 14 7 14 14 17 24 8 9 14 
378_0.jpg 19 14 19 14 21 16 22 10 9 23 
282_4.jpg 14 19 19 14 10 10 14 10 15 9 14 14 14 15 16 14 14 14 14 17 16 8 
8865_5.jpg 1 2 3 4 
307_1.jpg 19 14 19 14 21 16 22 19 15 23 
335_1.jpg 19 14 10 12 21 10 10 22 19 10 23 
379_2.jpg 25 6 20 40 13 8 10 9 14 35 39 19 10 8 8 14 9 
8804_1.jpg 19 14 10 12 21 14 8 22 19 14 23 
293_0.jpg 19 14 19 14 21 10 19 22 10 8 23 
27_3.jpg 5 6 7 7 19 14 15 36 37 29 10 12 13 10 17 13 19 14 8 34 
220_4.jpg 10 14 10 8 12 14 14 15 12 14 14 9 14 12 14 17 24 9 15 14 
38_0.jpg 19 14 19 14 21 16 22 19 10 23 
437_1.jpg 19 14 19 14 21 16 22 9 23 
20_3.jpg 5 13 32 26 14 16 14 11 10 8 10 12 34 14 24 9 24 9 24 33 
448_3.jpg 29 30 5 5 19 14 10 12 10 10 14 19 30 14 14 14 17 19 24 19 17 14 
241_0.jpg 19 14 19 10 21 14 19 22 10 17 23 
280_0.jpg 19 14 19 14 21 10 19 22 10 15 23 
8847_4.jpg 1 2 3 4 
380_4.jpg 1 2 3 4 
470_3.jpg 10 14 10 16 17 14 14 15 12 14 14 12 9 10 17 17 8 19 9 14 
428_3.jpg 16 14 10 9 24 14 14 14 9 14 10 19 14 19 14 14 14 14 19 14 9 17 
885_4.jpg 1 2 3 4 
408_0.jpg 19 14 19 14 21 14 24 22 14 24 23 
365_0.jpg 19 14 10 12 21 14 16 22 10 14 23 
227_3.jpg 10 14 8 10 19 24 15 15 12 14 14 24 10 24 14 10 10 15 15 12 
412_1.jpg 19 14 19 14 21 14 15 22 19 14 23 
478_3.jpg 5 6 7 7 8 9 10 11 10 8 10 12 13 14 15 16 12 17 12 10 
350_4.jpg 1 2 3 4 
350_2.jpg 25 13 15 24 9 11 8 40 24 26 5 10 12 17 10 8 24 
8861_0.jpg 19 14 19 14 21 12 22 10 9 23 
293_4.jpg 1 2 3 4 
205_1.jpg 19 14 10 12 21 10 19 22 10 24 23 
216_3.jpg 29 30 18 5 19 14 10 12 10 10 14 10 14 14 14 14 24 9 9 10 14 9 
45_4.jpg 9 14 17 10 10 19 14 19 14 19 15 14 10 16 16 14 14 14 15 17 15 
432_1.jpg 19 14 10 9 21 10 14 22 10 12 23 
397_3.jpg 5 13 32 26 12 19 14 36 37 29 10 12 13 10 15 14 17 19 12 38 
241_3.jpg 1 2 3 4 
241_1.jpg 19 14 19 14 21 14 19 22 10 16 23 
42_1.jpg 19 14 19 14 21 24 22 10 8 23 
262_0.jpg 19 14 19 14 21 9 22 15 23 
243_1.jpg 19 14 19 14 21 8 22 10 15 23 
304_1.jpg 19 14 10 12 21 9 22 15 10 23 
205_3.jpg 10 14 16 24 10 14 17 14 24 19 14 10 12 14 10 10 19 16 8 
220_2.jpg 25 39 13 6 36 36 8 7 12 35 30 24 16 12 16 19 9 
8848_1.jpg 19 14 10 12 21 14 16 22 10 24 23 
885_2.jpg 25 6 26 5 19 8 14 15 19 7 6 19 14 14 8 24 15 
412_0.jpg 19 14 19 10 21 14 15 22 10 12 23 
303_2.jpg 25 13 15 24 9 11 8 40 34 35 5 14 10 8 14 24 8 
8872_1.jpg 19 14 19 14 21 17 22 19 14 23 
437_5.jpg 10 8 19 14 13 14 8 10 24 14 
253_4.jpg 1 2 3 4 
485_3.jpg 10 14 10 15 8 14 14 15 12 14 14 9 15 15 8 15 17 9 15 8 
27_2.jpg 25 28 13 7 17 19 32 14 8 25 11 14 8 24 10 12 24 
328_4.jpg 29 30 18 5 19 14 19 14 10 10 14 19 14 14 14 14 14 24 19 24 10 15 
335_2.jpg 25 31 41 5 10 9 14 36 10 7 14 10 14 14 12 17 19 
331_1.jpg 19 14 10 12 21 14 9 22 19 17 23 
271_4.jpg 14 19 19 14 10 10 14 10 19 19 14 14 14 15 16 14 14 14 10 14 9 12 
213_3.jpg 15 14 10 14 24 10 12 19 8 8 14 10 14 10 14 8 15 8 15 8 12 
8867_1.jpg 19 14 19 14 21 12 22 19 16 23 
361_2.jpg 25 13 15 24 9 11 8 40 34 7 5 14 9 10 10 19 19 43 25 13 15 24 9 11 8 40 34 7 5 14 9 10 10 19 19 
393_4.jpg 14 19 10 12 8 8 14 10 15 9 12 17 14 15 16 14 14 14 10 9 8 19 
247_1.jpg 19 14 10 12 21 9 22 10 8 23 
365_3.jpg 25 20 28 
213_1.jpg 19 14 10 12 21 10 14 22 10 12 23 
8823_1.jpg 19 14 19 14 21 8 22 10 12 23 
307_2.jpg 25 36 13 16 17 19 32 14 14 35 6 14 15 12 8 15 10 
8845_2.jpg 25 6 26 5 19 8 14 15 16 7 6 19 14 19 14 12 17 
8845_1.jpg 19 14 10 12 21 10 10 22 10 23 
43_3.jpg 5 6 7 7 8 12 10 11 10 8 19 14 13 14 14 14 19 12 16 12 31 
485_0.jpg 19 14 19 14 21 10 10 22 10 8 23 
378_4.jpg 1 2 3 4 
328_1.jpg 19 14 19 14 21 14 17 22 10 16 23 
448_0.jpg 19 14 19 10 21 14 19 22 19 24 23 
231_4.jpg 1 2 3 4 
432_4.jpg 1 2 3 4 
291_4.jpg 1 2 3 4 
231_2.jpg 25 28 13 31 24 5 32 14 16 35 33 10 24 8 12 14 12 
331_0.jpg 19 14 19 14 21 14 9 22 19 8 23 
262_4.jpg 1 2 3 4 
428_0.jpg 19 14 19 10 21 14 10 22 10 16 23 
287_0.jpg 19 14 19 14 21 10 19 22 10 19 23 
337_4.jpg 1 2 3 4 44 
336_2.jpg 25 13 15 24 9 11 8 40 19 26 5 10 12 15 10 9 12 
370_4.jpg 1 2 3 4 
413_3.jpg 1 2 3 4 
204_3.jpg 10 14 8 12 9 14 14 15 12 14 14 9 8 9 19 8 16 19 15 17 
204_4.jpg 1 2 3 4 
8848_4.jpg 1 2 3 4 
208_1.jpg 19 14 10 12 21 10 19 22 17 23 
45_0.jpg 19 14 19 10 21 17 22 19 10 23 
432_3.jpg 10 10 19 14 12 24 15 15 12 14 14 17 19 8 9 24 9 14 16 17 
470_2.jpg 25 28 13 7 17 19 32 14 17 35 11 16 12 9 16 16 10 
448_2.jpg 25 7 28 36 33 10 16 19 12 26 9 14 10 9 16 9 8 43 25 7 28 36 33 10 16 19 12 26 9 14 10 9 16 9 8 
393_0.jpg 19 14 9 14 21 10 19 22 17 23 
223_0.jpg 19 14 19 10 21 8 22 19 16 23 
291_2.jpg 25 31 20 19 5 19 10 35 16 7 8 19 12 16 24 24 10 
8867_0.jpg 19 14 10 12 21 12 22 19 24 23 
393_5.jpg 1 2 3 4 
262_3.jpg 10 10 10 10 24 14 17 14 24 19 14 10 12 14 10 16 9 16 14 11 30 
331_2.jpg 25 28 13 7 10 19 32 19 34 28 11 15 24 24 10 19 15 43 25 28 13 7 10 19 32 19 34 28 11 15 24 24 10 19 15 
250_0.jpg 19 14 19 10 21 15 22 19 19 23 
437_2.jpg 25 28 13 7 17 19 32 14 9 26 11 16 9 24 17 19 8 
8823_0.jpg 19 14 19 10 21 8 22 10 9 23 
293_1.jpg 19 14 10 12 21 10 19 22 10 17 23 
8823_2.jpg 25 31 20 19 5 19 10 17 8 26 15 17 14 10 16 15 9 
478_2.jpg 25 6 26 5 19 8 14 15 16 7 6 19 14 19 14 12 17 
256_0.jpg 45 46 
365_4.jpg 14 19 10 12 10 10 14 10 15 15 14 14 14 15 16 14 14 14 17 24 15 17 
214_4.jpg 1 2 3 4 
41_1.jpg 19 14 10 12 21 10 14 22 19 9 23 
8845_4.jpg 1 2 3 4 
452_0.jpg 19 14 19 10 21 14 8 22 14 19 23 
478_0.jpg 19 14 19 14 21 10 14 22 15 10 23 
204_2.jpg 25 26 19 35 29 9 29 32 16 35 5 14 10 9 12 8 24 
271_3.jpg 25 6 20 30 24 16 5 8 12 10 39 10 14 19 17 15 10 
397_1.jpg 19 14 10 12 21 10 14 22 10 8 23 
379_3.jpg 10 19 16 10 19 14 24 15 12 14 14 12 15 15 12 24 15 19 8 9 
225_1.jpg 19 14 10 12 21 10 10 22 19 10 23 
437_0.jpg 19 14 19 10 21 16 22 24 23 
392_1.jpg 19 14 19 14 21 10 19 22 19 12 23 
273_0.jpg 19 14 19 14 21 10 19 22 19 16 23 
303_1.jpg 19 14 19 14 21 17 22 10 14 23 
216_4.jpg 1 2 3 4 
307_3.jpg 15 8 10 14 10 19 14 14 15 14 10 14 14 14 17 10 17 19 
293_2.jpg 25 26 19 35 29 9 29 32 34 35 5 14 19 14 12 10 15 
36_4.jpg 1 2 3 4 
378_3.jpg 16 10 12 19 16 19 17 14 14 14 17 14 24 14 14 24 24 9 10 
478_4.jpg 1 2 3 4 
8804_4.jpg 1 2 3 4 
361_1.jpg 19 14 10 12 21 10 10 22 10 17 23 
216_2.jpg 25 20 28 13 41 17 10 35 12 7 28 16 12 8 15 24 8 
227_1.jpg 19 14 10 12 21 24 22 19 23 
392_0.jpg 19 14 10 12 21 10 19 22 15 14 23 
280_3.jpg 10 14 15 8 8 12 10 15 12 14 14 9 16 19 19 24 8 12 15 15 
383_2.jpg 25 6 28 35 32 17 8 10 12 35 40 19 8 19 17 16 14 
452_4.jpg 1 2 3 4 
231_3.jpg 5 13 32 26 42 19 42 11 10 8 10 12 13 10 19 8 16 15 8 11 
8848_2.jpg 31 20 19 5 19 13 6 42 35 8 12 19 12 14 17 9 
280_4.jpg 1 2 3 4 
337_3.jpg 10 14 15 16 17 14 17 19 9 19 14 10 12 14 14 15 19 8 17 
201_3.jpg 10 8 15 24 8 16 10 15 12 14 14 24 14 24 10 10 10 19 16 10 
8848_0.jpg 19 14 19 14 21 14 16 22 10 16 23 
350_0.jpg 19 14 10 12 21 10 10 22 19 9 23 
383_1.jpg 19 14 19 14 21 14 17 22 10 8 23 
8865_4.jpg 19 14 17 14 10 12 10 10 8 14 14 14 10 12 14 14 15 19 17 8 
452_3.jpg 29 30 5 5 19 14 19 14 15 15 14 10 14 14 14 14 15 16 12 9 19 10 14 15 
204_0.jpg 19 14 19 14 21 10 10 22 15 14 23 
208_0.jpg 19 14 19 14 21 10 19 22 8 23 
379_0.jpg 19 14 19 10 21 15 22 10 9 23 
420_3.jpg 1 2 3 4 
41_3.jpg 5 13 32 26 42 16 14 11 10 8 10 24 13 14 8 12 16 24 9 31 
8872_2.jpg 25 13 32 36 31 5 7 13 8 7 18 8 24 12 8 12 12 
392_3.jpg 1 2 3 4 
42_3.jpg 10 14 15 17 16 14 14 15 12 14 10 14 10 17 15 19 8 10 10 17 
227_0.jpg 19 14 19 14 21 24 22 10 23 
201_4.jpg 1 2 3 4 
243_2.jpg 25 28 34 36 24 16 36 15 17 26 14 14 15 24 16 9 
225_3.jpg 10 19 14 19 17 14 14 15 12 14 14 9 19 15 12 9 16 24 24 24 
231_0.jpg 19 14 19 14 21 10 19 22 19 19 23 
885_3.jpg 29 30 18 5 19 14 10 12 15 10 14 10 14 14 14 14 10 24 15 17 8 15 
8865_3.jpg 25 30 39 29 8 25 31 32 10 24 14 10 17 16 10 15 15 
38_4.jpg 1 2 3 4 
208_3.jpg 5 13 32 26 12 19 14 36 37 29 10 12 13 10 16 9 8 24 15 26 
331_3.jpg 29 30 5 5 19 14 10 12 10 10 14 10 14 14 14 14 9 15 9 19 15 19 
42_2.jpg 25 31 41 5 10 9 14 36 24 35 14 19 19 15 17 8 9 
247_0.jpg 19 14 19 14 21 9 22 10 15 23 
27_1.jpg 19 14 19 14 21 16 22 19 14 23 
253_1.jpg 19 14 19 14 21 14 17 22 10 17 23 
8861_1.jpg 19 14 10 12 21 12 22 10 12 23 
408_1.jpg 19 14 19 10 21 14 24 22 14 16 23 
213_0.jpg 19 14 19 14 21 10 14 22 10 12 23 
336_3.jpg 10 14 8 17 24 10 14 15 12 14 14 9 10 15 10 9 8 16 17 19 
260_3.jpg 10 14 19 15 15 14 19 15 12 14 14 12 24 14 17 9 9 17 8 14 
437_3.jpg 5 6 27 18 17 15 14 11 10 8 19 14 13 14 8 10 24 14 14 47 
205_0.jpg 19 14 19 14 21 10 19 22 10 16 23 
304_2.jpg 25 16 37 24 9 10 8 18 9 32 39 10 16 24 10 19 16 
201_2.jpg 25 31 41 5 10 9 14 36 15 35 14 19 19 14 14 17 14 
8872_0.jpg 19 14 19 10 21 17 22 10 12 23 
8832_1.jpg 19 14 19 14 21 10 14 22 24 23 
408_4.jpg 1 2 3 4 
336_0.jpg 19 14 19 14 21 10 10 22 10 10 23 
27_0.jpg 19 14 19 10 21 16 22 19 14 23 
8832_0.jpg 19 14 10 12 21 10 14 22 16 23 
478_1.jpg 19 14 10 12 21 10 10 22 10 23 
8862_1.jpg 19 14 10 12 21 12 22 19 10 23 
214_3.jpg 29 30 18 5 19 14 10 12 10 10 14 10 14 14 14 14 16 19 12 9 9 24 
885_0.jpg 19 14 10 12 21 16 22 10 12 23 
337_1.jpg 19 14 19 14 21 24 22 15 10 23 
335_4.jpg 1 2 3 4 
253_2.jpg 25 31 20 19 5 10 10 17 9 26 15 17 10 10 16 17 14 
260_1.jpg 19 14 19 14 21 14 17 22 19 8 23 
8832_3.jpg 1 2 3 4 
397_4.jpg 1 2 3 4 
304_0.jpg 19 14 19 14 21 9 22 15 14 23 
205_4.jpg 1 2 3 4 44 
223_3.jpg 10 14 10 19 24 14 14 15 12 9 14 10 14 9 9 10 17 19 24 10 
220_3.jpg 1 2 3 4 
253_0.jpg 19 14 19 10 21 14 17 22 10 8 23 
8866_3.jpg 29 30 5 5 19 14 19 14 10 10 14 19 14 14 14 14 10 19 15 10 8 16 
304_4.jpg 1 2 3 4 
383_4.jpg 1 2 3 4 
43_4.jpg 1 2 3 4 
8865_0.jpg 19 14 19 14 21 14 12 22 19 16 23 
291_3.jpg 10 14 10 16 12 14 14 15 12 14 14 9 16 9 16 17 15 10 24 15 
8847_2.jpg 25 6 20 30 16 19 5 8 34 28 39 10 9 8 14 8 16 
41_4.jpg 1 2 3 4 
45_2.jpg 25 30 36 12 24 15 11 8 19 7 19 14 16 10 17 8 12 
328_0.jpg 19 14 19 10 21 14 17 22 10 17 23 
8823_4.jpg 1 2 3 4 
204_1.jpg 19 14 10 12 21 10 19 22 10 23 
361_0.jpg 19 14 19 14 21 10 10 22 10 8 23 
8862_4.jpg 1 2 3 4 
201_1.jpg 19 14 10 12 21 16 22 10 12 23 
420_0.jpg 19 14 19 14 21 8 22 19 9 23 
223_1.jpg 19 14 19 14 21 8 22 19 24 23 
337_0.jpg 19 14 10 12 21 9 22 10 23 
455_4.jpg 1 2 3 4 
213_2.jpg 25 39 5 5 19 5 5 19 12 35 17 14 10 24 15 8 24 
8861_4.jpg 1 2 3 4 
8866_0.jpg 19 14 19 10 21 14 8 22 19 8 23 
303_0.jpg 19 14 19 10 21 17 22 10 14 23 
260_0.jpg 19 14 19 10 21 14 17 22 19 15 23 
885_1.jpg 19 14 19 14 21 16 22 10 9 23 
485_2.jpg 25 31 20 15 5 19 15 36 14 35 15 10 10 15 14 10 16 
282_3.jpg 25 28 13 7 10 19 31 14 9 35 11 15 19 19 12 17 15 
304_3.jpg 10 14 10 19 17 14 14 15 12 14 14 24 16 19 17 24 9 14 16 24 
41_0.jpg 19 14 19 14 21 10 14 22 19 24 23 
8823_3.jpg 10 14 10 24 10 14 14 15 12 14 14 12 15 12 12 10 8 16 14 24 
491_0.jpg 19 14 19 14 21 12 22 10 19 23 
412_3.jpg 29 30 31 5 19 14 15 19 14 10 14 19 19 14 14 14 14 14 14 14 14 19 17 14 
293_3.jpg 29 30 18 5 19 14 10 12 8 8 14 15 14 14 14 14 16 8 12 16 9 19 
262_1.jpg 19 14 10 12 21 9 22 8 23 
394_3.jpg 29 30 5 5 19 14 10 12 10 10 14 10 14 14 14 10 15 9 16 15 24 9 
260_2.jpg 25 31 20 19 13 19 14 6 19 26 17 19 17 19 24 10 24 
231_1.jpg 19 14 10 12 21 10 19 22 19 15 23 
42_0.jpg 19 14 19 10 21 24 22 10 15 23 
8848_3.jpg 29 30 18 5 19 14 10 12 14 16 10 24 14 14 14 14 10 17 15 9 10 12 
455_3.jpg 10 19 14 10 19 14 19 15 12 14 14 24 24 15 12 17 9 12 17 15 
262_2.jpg 25 6 20 28 18 16 10 9 14 26 19 10 14 16 12 8 24 
370_3.jpg 29 30 18 5 19 14 10 12 10 10 14 19 14 14 14 14 19 17 24 15 12 17 
241_4.jpg 29 30 5 5 19 14 19 14 10 10 14 10 14 14 14 14 14 12 16 9 8 17 
20_0.jpg 19 14 19 10 21 15 22 19 15 23 
378_1.jpg 19 14 10 12 21 16 22 10 9 23 
485_4.jpg 1 2 3 4 
498_4.jpg 1 2 3 4 
307_0.jpg 19 14 19 10 21 16 22 19 15 23 
380_0.jpg 19 14 19 14 21 12 22 19 16 23 
205_2.jpg 25 26 19 35 29 9 29 32 15 35 5 14 19 15 15 16 19 
394_2.jpg 25 31 41 5 29 9 16 36 15 32 14 14 17 24 17 24 19 43 25 31 41 5 29 9 16 36 15 32 14 14 17 24 17 24 19 
448_1.jpg 19 14 19 14 21 14 19 22 19 9 23 
225_4.jpg 1 2 3 4 
8860_4.jpg 1 2 3 4 
8862_2.jpg 25 7 28 36 20 10 16 15 17 35 9 14 15 12 17 12 12 
470_4.jpg 1 2 3 4 
213_4.jpg 1 2 3 4 
428_4.jpg 1 2 3 4 
8864_0.jpg 19 14 19 10 21 16 22 10 23 
392_4.jpg 14 19 10 12 10 10 14 10 15 9 14 14 14 15 16 14 14 14 19 9 14 10 
8861_2.jpg 25 28 13 7 10 19 32 19 19 7 11 8 17 10 14 16 9 
8832_2.jpg 25 26 10 32 31 5 6 29 8 35 8 14 10 24 16 8 14 
227_4.jpg 1 2 3 4 
8866_2.jpg 25 31 20 19 5 19 13 6 24 28 8 17 16 9 9 16 12 43 25 31 20 19 5 19 13 6 24 28 8 17 16 9 9 16 12 
408_2.jpg 25 39 13 6 36 36 8 7 17 25 37 10 14 24 9 24 17 43 25 39 13 6 36 36 8 7 17 25 37 10 14 24 9 24 17 
8860_3.jpg 5 42 47 30 19 16 14 36 37 29 19 14 13 14 14 24 10 17 19 30 
271_1.jpg 19 14 19 14 21 14 8 22 19 15 23 
452_2.jpg 25 39 13 6 36 27 15 7 16 35 28 15 14 14 9 8 15 
8860_0.jpg 19 14 19 10 21 24 22 10 19 23 
365_1.jpg 19 14 19 14 21 14 16 22 14 12 23 
253_3.jpg 16 9 14 14 16 14 9 14 10 19 14 19 14 14 14 14 8 14 15 24 
394_4.jpg 1 2 3 4 
8865_1.jpg 19 14 10 12 21 14 12 22 19 24 23 
393_1.jpg 19 14 10 12 21 10 19 22 17 23 
350_1.jpg 19 14 10 9 21 10 10 22 19 12 23 
379_1.jpg 19 14 19 14 21 15 22 10 12 23 
408_3.jpg 29 30 5 5 19 14 19 14 8 8 14 15 14 14 14 14 15 8 9 24 9 17 
20_1.jpg 19 14 19 14 21 15 22 19 8 23 
370_0.jpg 19 14 19 14 21 14 16 22 15 14 23 
8864_3.jpg 10 14 10 24 15 14 14 15 12 14 14 12 24 16 16 10 15 14 9 17 
8866_4.jpg 1 2 3 4 
420_2.jpg 25 39 13 6 36 36 8 7 15 26 30 14 12 16 10 15 9 
8862_0.jpg 19 14 19 14 21 12 22 19 14 23 
250_3.jpg 10 10 10 10 15 14 17 14 24 19 14 19 14 14 14 10 15 14 19 11 30 
8845_0.jpg 19 14 19 14 21 10 14 22 15 10 23 
432_2.jpg 25 16 37 24 9 11 8 40 17 28 39 14 8 16 14 16 9 
8860_1.jpg 19 14 19 14 21 24 22 10 15 23 
282_0.jpg 19 14 19 10 21 14 15 22 14 16 23 
291_1.jpg 19 14 19 14 21 10 22 10 19 23 
282_1.jpg 19 14 19 14 21 14 15 22 14 24 23 
43_2.jpg 25 6 26 32 19 8 14 15 10 35 28 14 16 8 19 14 8 
247_3.jpg 10 14 17 10 24 14 9 15 12 14 14 24 15 19 8 17 15 17 12 8 
378_2.jpg 25 13 15 24 9 11 8 40 14 35 5 14 15 14 12 12 8 
36_1.jpg 19 14 10 12 21 10 19 22 17 23 
214_1.jpg 19 14 10 12 21 14 16 22 10 9 23 
8866_1.jpg 19 14 19 14 21 14 8 22 19 17 23 
27_4.jpg 1 2 3 4 
216_0.jpg 19 14 19 14 21 14 24 22 19 16 23 
271_0.jpg 19 14 19 10 21 14 8 22 19 19 23 
491_3.jpg 10 14 10 16 12 14 14 15 12 14 14 24 24 14 17 15 14 8 24 14 
413_1.jpg 19 14 10 12 21 10 19 22 19 9 23 
45_3.jpg 25 30 36 12 24 15 11 8 19 7 19 14 16 10 17 8 12 
20_4.jpg 1 2 3 4 
227_2.jpg 25 6 26 32 19 8 14 16 19 26 28 10 24 19 8 19 19 
413_0.jpg 19 14 19 14 21 10 19 22 19 24 23 
201_0.jpg 19 14 19 14 21 16 22 10 9 23 
498_0.jpg 19 14 19 14 21 10 19 22 19 8 23 
380_1.jpg 19 14 10 12 21 12 22 19 24 23 
420_4.jpg 9 14 17 14 24 19 14 19 14 15 24 14 19 14 15 14 10 14 19 17 16 
350_3.jpg 10 10 19 14 12 24 15 15 12 14 14 17 16 9 16 15 15 8 9 17 
45_5.jpg 1 2 3 4 
412_4.jpg 1 2 3 4 
455_0.jpg 19 14 19 14 21 12 22 10 19 23 
220_1.jpg 19 14 19 14 21 10 14 22 19 15 23 
36_3.jpg 10 10 15 10 12 24 9 15 12 14 14 9 17 15 17 19 8 14 16 8 
43_1.jpg 19 14 19 14 21 14 16 22 10 19 23 
392_2.jpg 25 28 13 31 17 5 32 14 16 7 33 15 15 8 15 19 14 
250_2.jpg 25 6 20 34 18 16 17 39 8 28 19 14 10 8 8 12 10 
273_4.jpg 1 2 3 4 
8864_1.jpg 19 14 19 14 21 16 22 19 23 
273_2.jpg 25 28 13 7 17 19 32 14 16 35 11 10 12 10 15 10 16 
314_3.jpg 10 14 15 16 16 14 14 15 12 14 14 24 17 9 17 15 14 9 24 24 
455_2.jpg 25 7 28 31 6 10 16 17 9 35 19 10 15 8 12 15 14 
287_1.jpg 19 14 10 12 21 10 19 22 10 19 23 
208_4.jpg 1 2 3 4 
8862_3.jpg 10 14 19 10 16 14 14 15 12 14 14 24 17 16 24 24 9 8 17 9 
8847_0.jpg 19 14 19 10 21 14 19 22 14 9 23 
260_4.jpg 1 2 3 4 
470_1.jpg 19 14 19 14 21 17 22 19 12 23 
455_1.jpg 19 14 10 12 21 12 22 10 19 23 
923_4.jpg 19 14 19 14 21 16 22 10 12 23 
923_2.jpg 25 20 20 30 13 10 24 13 15 35 32 14 10 16 15 19 16 
923_3.jpg 19 14 10 12 21 16 22 10 12 23 
923_0.jpg 10 19 10 24 24 14 14 15 12 14 14 24 14 24 24 16 10 19 17 14 
5753_4.jpg 19 14 19 14 21 10 10 22 10 14 23 
5753_0.jpg 10 19 14 19 10 14 14 15 12 14 14 9 19 16 16 19 15 17 9 8 
5753_3.jpg 19 14 10 12 21 10 10 22 10 10 23 
5753_2.jpg 25 28 13 31 17 5 32 14 14 31 33 15 19 12 24 8 19 
1794_3.jpg 19 14 10 12 21 10 19 22 10 19 
1794_2.jpg 25 39 5 5 19 5 5 10 24 35 17 14 10 17 15 14 14 
1794_1.jpg 10 14 8 10 10 19 15 15 12 14 14 9 16 19 17 19 15 19 9 17 
1794_4.jpg 19 14 19 14 21 10 19 22 10 10 
1780_4.jpg 19 14 19 14 21 12 22 12 23 
1780_3.jpg 19 14 10 12 21 12 22 10 14 23 
1780_1.jpg 10 8 10 12 9 14 14 15 12 14 14 24 16 24 12 15 15 9 14 15 
1780_2.jpg 25 39 13 6 36 36 8 7 24 35 30 24 9 19 15 10 8 
2054_3.jpg 19 14 19 14 21 16 22 19 8 23 
2054_2.jpg 25 28 34 36 32 16 30 13 19 26 14 10 14 24 24 10 17 
2054_1.jpg 15 14 17 14 24 19 14 19 14 8 8 14 10 14 14 14 14 14 17 15 12 19 
2054_4.jpg 19 14 19 10 21 16 22 19 8 23 
3370_2.jpg 25 6 26 13 15 16 24 16 34 7 6 10 19 12 17 12 9 
3370_4.jpg 19 14 19 10 21 14 8 22 14 19 23 
3370_1.jpg 29 30 18 5 19 14 19 14 15 15 14 10 14 14 14 12 24 8 24 
3370_3.jpg 19 14 19 14 21 14 8 22 14 19 23 
2685_2.jpg 25 6 20 30 24 9 5 8 14 7 39 14 17 15 16 24 16 
2685_3.jpg 19 14 19 14 21 16 22 12 23 
2685_4.jpg 19 14 19 10 21 16 22 9 23 
2685_0.jpg 10 14 10 10 12 14 14 15 12 14 14 12 9 12 17 24 24 12 9 8 
106_0.jpg 29 30 5 5 19 14 19 14 15 15 14 10 14 14 14 14 17 16 19 9 14 8 
106_2.jpg 25 7 28 36 20 10 16 8 12 25 9 10 10 24 15 24 17 
106_3.jpg 19 14 19 14 21 14 8 22 14 15 23 
106_4.jpg 19 14 19 10 21 14 8 22 14 19 23 
3129_4.jpg 19 14 19 14 21 10 19 22 19 8 23 
3129_2.jpg 25 6 26 32 19 8 14 16 14 26 28 10 24 14 19 16 8 
3129_1.jpg 5 6 7 7 8 9 10 11 10 8 10 12 13 14 17 10 24 19 9 10 
3129_3.jpg 19 14 10 12 21 10 19 22 19 17 23 23 
1128_1.jpg 10 14 17 10 16 14 14 15 12 9 14 10 14 24 10 15 17 8 10 9 
1128_3.jpg 19 14 10 12 21 10 10 22 10 14 23 
1128_4.jpg 19 14 19 14 21 10 10 22 12 23 
1128_2.jpg 25 28 13 31 17 5 32 14 12 7 33 19 17 17 12 10 9 
5797_2.jpg 25 39 13 6 36 36 8 7 10 35 30 24 9 8 17 19 24 
5797_1.jpg 10 19 10 19 12 14 10 15 12 14 14 24 16 14 16 16 19 16 14 19 
5797_4.jpg 19 14 19 14 21 9 22 19 9 23 
5797_3.jpg 19 14 10 12 21 9 22 19 12 23 
735_3.jpg 19 14 19 14 21 8 22 19 19 23 
735_0.jpg 10 14 8 16 10 14 19 15 12 14 14 12 8 19 16 8 9 9 16 9 
735_4.jpg 19 14 19 10 21 8 22 19 10 23 
735_2.jpg 25 28 34 36 32 16 30 13 16 7 14 19 17 9 12 24 19 
3008_2.jpg 25 13 15 24 9 11 8 40 19 7 5 14 9 12 9 15 10 
3008_3.jpg 19 14 10 12 21 10 22 19 19 22 
3008_1.jpg 16 10 12 19 16 19 17 14 14 14 17 10 9 14 14 10 16 17 24 
3008_4.jpg 19 14 19 14 21 10 22 19 10 23 
3308_1.jpg 10 19 16 17 10 14 15 15 12 14 14 9 17 17 19 17 24 24 24 16 
3308_2.jpg 25 36 14 36 32 8 30 36 9 35 14 14 9 19 15 24 14 
3308_4.jpg 19 14 19 14 21 10 19 22 17 23 
3308_3.jpg 19 14 10 12 21 10 19 22 17 23 
10_2.jpg 25 6 26 32 19 8 14 15 15 35 28 14 9 8 8 17 8 
10_3.jpg 19 14 10 12 21 16 22 10 9 23 
10_4.jpg 19 14 19 14 21 16 22 10 24 23 
10_1.jpg 10 8 17 10 17 14 17 15 12 14 14 24 14 16 17 19 10 16 10 9 
5222_0.jpg 16 14 10 15 10 10 14 14 19 19 14 10 12 14 14 15 16 24 8 
5222_3.jpg 19 14 10 12 21 14 12 22 10 19 23 
5222_2.jpg 25 39 13 6 36 27 15 7 12 35 33 14 12 15 16 17 9 
5222_4.jpg 19 14 19 14 21 14 12 22 10 19 23 
2468_3.jpg 19 14 19 14 21 14 8 22 14 15 23 
2468_0.jpg 29 30 5 5 19 14 19 14 15 15 14 10 14 14 14 14 9 12 24 17 8 15 
2468_4.jpg 19 14 19 10 21 14 8 22 14 19 23 
2468_2.jpg 25 6 26 40 17 16 15 15 15 25 28 14 19 14 17 10 16 
1314_4.jpg 19 14 19 14 21 10 19 22 14 9 23 
1314_1.jpg 29 30 18 5 19 14 10 12 15 17 14 19 14 14 14 14 17 14 15 8 8 24 
1314_2.jpg 25 26 19 35 29 9 29 32 24 35 5 14 19 10 24 8 8 
1314_3.jpg 19 14 10 12 21 10 19 22 14 12 23 
5767_2.jpg 25 39 13 6 36 36 8 7 24 35 30 10 14 24 16 9 12 
5767_3.jpg 19 14 19 14 21 15 22 10 23 
5767_4.jpg 19 14 19 10 21 15 22 10 23 
5767_0.jpg 14 19 19 14 9 10 14 10 10 10 14 14 14 15 15 19 14 14 14 19 16 19 
5771_4.jpg 19 14 19 10 21 14 10 22 19 14 23 
5771_0.jpg 29 30 18 5 19 14 10 12 8 8 14 10 14 14 14 14 24 19 16 10 10 15 
5771_3.jpg 19 14 19 14 21 14 10 22 19 10 23 
5771_2.jpg 25 28 34 36 32 16 30 13 15 35 14 14 14 15 14 14 9 
2568_0.jpg 10 14 17 24 15 14 14 15 12 14 14 9 10 15 14 10 15 19 19 10 
2568_3.jpg 19 14 10 12 21 10 14 22 19 12 23 
2568_2.jpg 25 39 5 5 19 5 5 19 16 35 17 14 10 9 9 8 8 
2568_4.jpg 19 14 19 14 21 10 14 22 19 9 23 
2463_3.jpg 19 14 10 12 21 16 22 10 12 23 
2463_4.jpg 19 14 19 14 21 16 22 10 9 23 
2463_0.jpg 10 14 12 8 9 14 14 15 12 14 14 24 14 24 14 10 9 19 10 9 
2463_2.jpg 25 30 29 16 10 13 12 16 14 35 28 24 19 24 17 10 10 
3204_3.jpg 19 14 10 12 21 10 22 12 23 
3204_0.jpg 10 19 16 12 17 14 15 15 12 14 14 16 14 17 24 10 14 10 15 24 
3204_2.jpg 25 31 20 15 5 19 15 36 19 7 15 14 17 17 8 10 9 
3204_4.jpg 19 14 19 14 21 10 22 9 23 
1087_0.jpg 10 10 19 14 12 24 15 15 12 14 14 9 17 17 14 24 24 10 16 8 
1087_3.jpg 19 14 10 12 21 10 19 22 16 23 
1087_4.jpg 19 14 19 14 21 10 19 22 17 23 
1087_2.jpg 25 26 19 35 29 9 29 32 16 35 5 14 10 12 16 17 12 
2220_2.jpg 25 30 29 16 10 13 12 16 15 35 28 24 19 24 15 14 9 
2220_3.jpg 19 14 10 12 21 16 22 10 12 23 
2220_4.jpg 19 14 19 14 21 16 22 10 9 23 
2220_0.jpg 10 14 12 8 9 14 14 15 12 14 14 24 14 24 14 10 10 16 19 19 
2509_3.jpg 19 14 10 12 21 17 22 19 24 23 
2509_2.jpg 25 28 13 31 17 5 32 14 34 7 33 19 24 14 24 14 8 
2509_1.jpg 19 12 12 9 8 14 10 14 15 15 16 19 14 10 12 14 14 12 10 9 17 
2509_4.jpg 19 14 19 14 21 17 22 19 24 23 
3320_2.jpg 25 13 15 24 9 11 8 40 15 35 5 14 10 12 8 19 8 
3320_0.jpg 10 10 15 10 14 14 14 15 12 14 14 16 24 14 17 9 9 16 17 8 
3320_3.jpg 19 14 10 12 21 8 22 19 16 23 
3320_4.jpg 19 14 19 14 21 8 22 19 17 23 
3298_0.jpg 10 14 12 8 9 14 14 15 12 14 14 24 12 9 10 19 17 17 16 19 
3298_2.jpg 25 30 29 16 10 13 12 16 9 35 28 24 19 24 19 16 12 
3298_4.jpg 19 14 19 14 21 10 14 22 10 10 23 
3298_3.jpg 19 14 10 12 21 10 14 22 10 19 23 
5195_4.jpg 19 14 19 10 21 14 8 22 14 19 23 
5195_1.jpg 29 30 18 5 19 14 19 14 15 15 14 10 14 14 14 14 15 19 16 12 19 19 15 15 15 
5195_3.jpg 19 14 19 14 21 14 8 22 14 19 23 
5195_2.jpg 25 28 34 36 24 16 36 15 34 26 14 14 12 15 12 15 9 
3354_2.jpg 25 31 20 19 5 19 13 6 14 32 8 14 15 24 8 24 16 
3354_4.jpg 19 14 19 10 21 14 16 22 14 8 23 
3354_0.jpg 29 10 10 16 14 14 17 19 14 19 14 19 14 14 14 19 8 9 14 
3354_3.jpg 19 14 19 14 21 14 16 22 14 17 23 
3192_0.jpg 10 10 19 14 12 24 15 15 12 14 14 9 17 17 14 24 24 15 19 9 
3192_3.jpg 19 14 10 12 21 10 19 22 16 
3192_4.jpg 19 14 19 14 21 10 19 22 17 
3192_2.jpg 25 26 19 35 29 9 29 32 24 35 5 14 10 12 17 17 16 
1288_3.jpg 19 14 19 14 21 14 8 22 10 24 23 
1288_1.jpg 29 30 18 5 19 14 19 14 8 8 14 15 14 14 14 14 10 16 8 10 14 14 
1288_2.jpg 25 26 30 35 5 5 19 8 16 31 14 19 19 24 17 17 19 
1288_4.jpg 19 14 19 10 21 14 8 22 10 16 23 
2337_4.jpg 19 14 19 14 21 10 19 22 15 23 
2337_2.jpg 25 26 27 9 9 19 8 6 19 5 6 14 8 9 17 16 14 
2337_3.jpg 19 14 10 12 21 10 19 22 8 23 
2337_1.jpg 10 14 10 19 24 14 14 15 12 9 14 10 14 24 8 9 14 16 9 10 
737_1.jpg 10 14 8 15 16 14 14 15 12 14 14 9 19 17 8 12 14 19 17 17 
737_4.jpg 19 14 19 14 21 10 19 22 8 23 
737_2.jpg 25 39 13 6 36 36 8 7 19 26 30 14 9 9 14 10 17 
737_3.jpg 19 14 10 12 21 10 19 22 17 23 
5061_4.jpg 19 14 19 14 21 10 19 22 17 23 
5061_3.jpg 19 14 10 12 21 10 19 22 16 23 
5061_2.jpg 25 26 19 35 29 9 29 32 9 35 5 14 10 12 24 19 24 
5061_0.jpg 10 10 19 14 12 24 15 15 12 14 14 9 17 17 14 24 24 15 14 9 
1048_0.jpg 29 30 18 5 19 14 19 14 14 8 19 10 14 14 14 14 14 19 10 15 10 8 19 
1048_4.jpg 19 14 19 10 21 14 8 22 19 14 23 
1048_3.jpg 19 14 19 14 21 14 8 22 19 10 23 
1048_2.jpg 25 6 20 39 16 8 13 33 19 35 39 10 17 10 8 14 19 
137_2.jpg 25 28 13 31 24 5 32 14 16 35 33 14 14 9 9 10 19 
137_1.jpg 5 13 32 26 14 16 14 11 10 8 10 12 13 14 16 14 9 19 10 26 
137_4.jpg 19 14 19 14 21 12 22 10 19 23 
137_3.jpg 19 14 10 12 21 12 22 10 15 23 
3098_4.jpg 19 14 19 14 21 9 22 17 23 
3098_2.jpg 25 13 15 24 9 11 8 40 9 35 5 14 15 10 14 14 8 
3098_0.jpg 16 10 12 19 16 19 17 14 14 14 17 10 9 14 10 14 24 17 9 
3098_3.jpg 19 14 10 12 21 9 22 16 23 
3074_0.jpg 10 10 24 19 24 14 14 15 12 14 14 9 8 9 19 8 9 9 10 10 
3074_4.jpg 19 14 19 14 21 10 19 22 19 24 23 
3074_3.jpg 19 14 10 12 21 10 19 22 19 9 23 
3074_2.jpg 25 28 34 36 24 16 36 15 34 28 14 10 8 15 16 10 24 
3425_0.jpg 10 10 24 19 24 14 14 15 12 14 14 12 19 15 9 16 10 19 19 8 
3425_3.jpg 19 14 19 14 21 15 22 19 10 23 
3425_4.jpg 19 14 19 10 21 15 22 19 14 23 
3425_2.jpg 25 28 34 36 24 16 36 15 14 28 14 10 15 12 12 8 24 
2608_4.jpg 19 14 19 14 21 10 10 22 15 14 23 
2608_0.jpg 10 14 8 12 9 14 14 15 12 14 14 9 8 9 19 8 16 14 15 17 
2608_2.jpg 25 26 19 35 29 9 29 32 10 35 5 14 19 14 24 14 8 
2608_3.jpg 19 14 10 12 21 10 19 22 10 23 
2837_4.jpg 19 14 19 10 21 14 24 22 19 10 23 
2837_0.jpg 29 30 5 5 19 14 19 14 8 8 14 10 14 14 14 14 15 8 10 9 17 19 
2837_2.jpg 25 28 34 36 32 16 30 13 17 35 14 14 15 16 16 12 14 43 25 28 34 36 32 16 30 13 17 35 14 14 15 16 16 12 14 
2837_3.jpg 19 14 19 14 21 14 24 22 19 19 23 
1515_1.jpg 10 14 8 12 17 14 14 15 12 14 14 12 19 16 19 17 19 16 17 9 
1515_2.jpg 25 28 34 36 32 16 30 13 12 26 14 19 14 17 8 16 15 
1515_3.jpg 19 14 19 14 21 15 22 19 24 23 
1515_4.jpg 19 14 19 10 21 15 22 19 16 23 
2762_4.jpg 19 14 19 14 21 10 19 22 19 8 23 
2762_2.jpg 25 6 26 32 19 8 14 16 24 26 28 10 9 9 15 10 10 
2762_1.jpg 5 6 7 7 8 9 10 11 10 8 10 12 13 14 17 10 8 9 14 26 
2762_3.jpg 19 14 10 12 21 10 19 22 19 17 23 
600_2.jpg 25 20 28 13 29 9 24 32 19 26 28 19 16 19 9 9 16 
600_3.jpg 19 14 19 14 21 10 22 10 10 23 
600_1.jpg 10 14 10 16 16 14 14 15 12 14 14 9 15 19 8 12 8 15 12 10 
600_4.jpg 19 14 19 10 21 10 22 10 14 23 
5315_2.jpg 25 6 28 28 26 17 8 17 15 26 6 10 10 14 12 19 15 
5315_1.jpg 29 30 18 5 19 14 19 14 10 10 14 19 14 14 14 14 14 12 9 9 16 14 
5315_4.jpg 19 14 19 10 21 14 8 22 10 19 23 
5315_3.jpg 19 14 19 14 21 14 8 22 10 15 23 
1127_2.jpg 25 31 29 7 36 24 29 32 10 35 10 5 10 15 10 16 17 43 25 31 29 7 36 24 29 32 10 35 10 5 10 15 10 16 17 
1127_3.jpg 19 14 10 12 21 14 16 22 10 14 23 
1127_0.jpg 29 30 5 5 19 14 10 12 8 8 14 15 14 14 14 14 19 17 10 24 9 24 
1127_4.jpg 19 14 19 14 21 14 16 22 14 12 23 
3209_1.jpg 29 30 18 5 19 14 10 12 10 10 14 10 14 14 14 14 15 10 8 24 10 8 
3209_4.jpg 19 14 19 14 21 14 12 22 19 12 23 
3209_2.jpg 25 28 13 29 10 19 32 14 10 30 11 10 16 24 17 10 16 
3209_3.jpg 19 14 10 12 21 14 12 22 15 14 23 
3337_3.jpg 19 14 10 12 21 10 19 22 14 12 23 
3337_1.jpg 29 30 18 5 19 14 10 12 15 17 14 19 14 14 14 14 17 14 15 15 10 24 
3337_2.jpg 25 26 19 35 29 9 29 32 15 35 5 14 19 14 10 16 9 
3337_4.jpg 19 14 19 14 21 10 19 22 14 9 23 
1570_4.jpg 19 14 19 14 21 14 12 22 10 12 23 
1570_0.jpg 10 14 19 14 19 14 12 15 12 14 14 24 24 24 14 24 8 14 17 9 
1570_3.jpg 19 14 10 12 21 14 12 22 19 14 23 
1570_2.jpg 25 6 26 40 17 16 24 16 34 7 28 10 9 10 10 15 8 
5472_4.jpg 19 14 19 10 21 14 8 22 14 12 23 
5472_0.jpg 48 16 16 14 15 8 15 14 14 9 14 9 19 14 19 14 14 14 14 10 19 14 17 
5472_2.jpg 25 6 26 40 19 16 24 16 8 31 6 14 8 9 15 9 16 
5472_3.jpg 19 14 19 14 21 14 8 22 10 14 23 
2562_2.jpg 25 6 28 27 30 9 8 34 12 28 32 14 16 12 16 14 16 
2562_4.jpg 19 14 19 14 21 15 22 19 8 23 
2562_3.jpg 19 14 10 12 21 15 22 19 17 23 
2562_0.jpg 10 14 10 19 17 14 14 15 12 14 14 16 17 10 17 10 16 12 16 15 
1268_3.jpg 19 14 19 14 21 14 8 22 10 16 23 
1268_0.jpg 29 30 5 5 19 14 19 14 14 8 10 16 14 14 14 14 14 14 15 15 16 10 8 10 
1268_2.jpg 25 6 20 39 13 8 10 9 10 7 39 14 8 24 19 12 12 
1268_4.jpg 19 14 19 10 21 14 8 22 10 17 23 
1618_3.jpg 19 14 10 12 21 10 19 22 14 12 23 
1618_2.jpg 25 26 19 35 29 9 29 32 9 35 5 14 19 14 14 14 17 
1618_1.jpg 29 30 18 5 19 14 10 12 15 17 14 19 14 14 14 14 17 14 15 19 24 14 
1618_4.jpg 19 14 19 14 21 10 19 22 14 9 23 
1390_1.jpg 10 12 12 15 24 10 9 14 15 15 14 19 14 10 12 14 19 19 14 24 14 
1390_2.jpg 25 20 28 13 7 8 19 35 10 31 28 9 15 10 15 8 9 
1390_3.jpg 19 14 10 12 21 12 22 10 23 
1390_4.jpg 19 14 19 14 21 12 22 10 23 
1655_4.jpg 19 14 19 14 21 10 10 22 19 16 23 
1655_3.jpg 19 14 10 12 21 10 10 22 19 24 23 
1655_2.jpg 25 6 26 40 17 16 24 16 19 26 28 19 9 19 10 12 14 
1655_1.jpg 29 30 31 5 10 12 15 10 14 10 14 17 14 12 14 14 14 14 14 14 10 24 14 24 
1169_4.jpg 19 14 19 14 21 10 10 22 16 23 
1169_3.jpg 19 14 10 12 21 10 10 22 24 23 
1169_0.jpg 10 14 10 17 14 14 14 15 12 14 14 9 19 19 9 16 14 24 8 9 
1169_2.jpg 25 6 28 27 5 9 8 25 19 35 31 14 17 15 24 10 10 
2341_2.jpg 25 20 28 13 11 9 14 32 17 35 28 10 19 17 17 9 14 
2341_4.jpg 19 14 19 10 21 14 17 22 19 16 23 
2341_3.jpg 19 14 19 14 21 14 17 22 19 16 23 
2341_0.jpg 15 15 19 14 17 19 14 14 15 14 16 14 14 14 24 14 17 9 
970_4.jpg 19 14 19 14 21 10 10 22 10 15 23 
970_2.jpg 25 6 26 32 19 8 14 15 19 35 28 14 16 8 10 24 24 
970_3.jpg 19 14 10 12 21 10 10 22 10 8 23 
970_0.jpg 16 10 12 14 24 19 14 14 14 14 17 10 9 14 10 12 15 8 8 
5272_0.jpg 10 14 12 8 9 14 14 15 12 14 14 24 14 24 14 10 17 8 10 17 
5272_2.jpg 25 30 29 16 10 13 12 16 14 35 28 24 19 24 15 9 14 
5272_3.jpg 19 14 10 12 21 16 22 10 12 23 
5272_4.jpg 19 14 19 14 21 16 22 10 9 23 
1411_1.jpg 10 19 14 19 10 14 14 15 12 14 14 24 10 10 19 10 16 12 10 15 
1411_4.jpg 19 14 19 14 21 24 22 15 10 23 
1411_2.jpg 25 20 33 7 30 31 5 25 12 26 39 10 12 9 12 8 17 
1411_3.jpg 19 14 10 12 21 9 22 10 23 
2702_0.jpg 10 14 10 17 14 14 14 15 12 14 14 24 12 9 8 24 8 15 8 10 
2702_2.jpg 25 6 20 39 16 8 13 33 19 35 39 10 17 10 9 14 17 
2702_3.jpg 19 14 10 12 21 10 14 22 10 19 23 
2702_4.jpg 19 14 19 14 21 10 14 22 10 10 23 
3028_3.jpg 19 14 10 12 21 14 16 22 10 12 23 
3028_0.jpg 16 14 10 15 24 10 14 14 19 19 14 10 12 14 14 19 9 8 12 
3028_2.jpg 25 26 10 32 31 5 6 29 14 35 8 14 10 12 14 15 10 
3028_4.jpg 19 14 19 14 21 14 16 22 10 12 23 
1758_4.jpg 19 14 19 14 21 10 19 22 9 23 
1758_3.jpg 19 14 10 12 21 10 19 22 15 10 23 
1758_1.jpg 10 19 14 14 17 9 9 15 12 14 14 9 9 10 19 24 17 12 9 19 
1758_2.jpg 25 26 19 35 29 9 29 32 9 35 5 14 19 19 17 9 14 
3063_0.jpg 5 13 32 26 14 15 14 36 37 29 10 12 13 15 24 10 12 14 19 26 
3063_4.jpg 19 14 19 10 21 15 22 10 17 23 
3063_3.jpg 19 14 19 14 21 15 22 10 16 23 
3063_2.jpg 25 31 20 15 5 19 8 31 16 16 15 14 17 10 16 14 17 
2830_4.jpg 19 14 19 14 21 10 14 22 19 12 23 
2830_3.jpg 19 14 10 12 21 10 14 22 15 14 23 
2830_2.jpg 25 6 28 27 25 9 15 25 17 26 5 10 8 15 24 9 19 
2830_1.jpg 10 14 8 17 19 14 14 15 12 14 14 24 12 12 10 15 8 17 10 17 
728_2.jpg 25 28 13 29 10 19 32 19 17 31 11 15 15 19 12 19 17 
728_4.jpg 19 14 19 14 21 10 10 22 10 8 23 
728_1.jpg 5 13 32 26 17 19 17 11 10 8 10 12 13 14 8 24 24 15 15 33 
728_3.jpg 19 14 10 12 21 10 10 22 10 17 23 
5666_4.jpg 19 14 19 10 21 10 22 10 12 23 
5666_0.jpg 10 14 10 24 19 14 14 15 12 14 14 12 14 19 24 15 10 24 15 16 
5666_3.jpg 19 14 19 14 21 10 22 19 14 23 
5666_2.jpg 25 39 13 6 36 27 5 35 34 7 31 16 10 8 16 17 8 
1266_4.jpg 19 14 19 10 21 19 22 24 23 
1266_3.jpg 19 14 19 14 21 19 22 9 23 
1266_2.jpg 25 6 28 35 13 17 19 7 15 26 20 10 8 19 17 15 15 
1266_0.jpg 10 10 17 10 14 10 14 15 12 14 14 9 12 17 24 16 19 16 10 16 
1480_4.jpg 19 14 19 14 21 10 19 22 9 23 
1480_1.jpg 10 19 14 14 17 9 9 15 12 14 14 9 9 10 19 12 12 9 10 8 
1480_3.jpg 19 14 10 12 21 10 19 22 15 10 23 
1480_2.jpg 25 26 19 35 29 9 29 32 19 35 5 14 19 19 9 14 15 
2327_2.jpg 25 6 28 27 5 9 8 40 34 28 32 14 10 9 8 8 14 
2327_3.jpg 19 14 10 12 21 9 22 15 14 23 
2327_1.jpg 19 12 12 9 8 14 10 14 15 15 16 19 14 10 12 14 10 9 17 10 12 
2327_4.jpg 19 14 19 14 21 9 22 15 14 23 
1829_3.jpg 19 14 10 12 21 12 22 19 23 
1829_4.jpg 19 14 19 14 21 12 22 10 23 
1829_2.jpg 25 13 15 24 9 11 8 40 16 35 5 14 15 10 14 10 24 
1829_0.jpg 16 10 12 19 16 19 17 14 14 14 17 10 9 14 10 14 24 16 14 
1820_3.jpg 19 14 19 14 21 8 22 12 23 
1820_0.jpg 10 19 17 15 16 14 14 15 12 14 14 12 8 24 17 15 24 12 9 15 
1820_4.jpg 19 14 19 10 21 8 22 9 23 
1820_2.jpg 25 26 30 37 5 5 19 15 8 26 14 10 17 12 12 14 8 
2624_4.jpg 19 14 19 14 21 14 19 22 19 12 23 
2624_3.jpg 19 14 10 12 21 14 15 22 14 10 23 
2624_2.jpg 25 6 20 39 13 8 10 9 34 7 39 14 10 8 12 17 14 
2624_1.jpg 29 30 18 5 19 14 10 12 10 10 14 19 14 14 14 14 14 19 17 12 15 12 
1646_2.jpg 25 32 8 15 34 9 7 13 12 35 25 14 15 9 12 19 14 
1646_4.jpg 19 14 19 14 21 10 10 22 10 14 23 
1646_3.jpg 19 14 10 12 21 10 10 22 10 10 23 
1646_0.jpg 5 13 32 26 15 16 17 36 37 29 10 12 13 14 19 24 16 24 17 42 
3160_4.jpg 19 14 19 10 21 8 22 10 12 23 
3160_2.jpg 25 31 29 18 15 5 29 36 16 7 17 32 10 15 10 17 24 
3160_1.jpg 10 14 10 24 15 14 14 15 12 14 14 12 19 16 8 24 17 19 24 8 
3160_3.jpg 19 14 19 14 21 8 22 19 14 23 
502_1.jpg 5 13 32 26 15 15 14 11 10 8 10 12 13 14 9 24 17 8 15 39 
502_4.jpg 19 14 19 14 21 17 22 10 24 23 
502_3.jpg 19 14 10 12 21 17 22 10 9 23 
502_2.jpg 25 7 28 36 20 15 16 8 12 35 9 14 19 14 9 9 19 
1170_4.jpg 19 14 19 10 21 8 22 19 14 23 
1170_3.jpg 19 14 19 14 21 8 22 19 10 23 
1170_1.jpg 10 14 17 16 12 14 14 15 12 14 14 14 17 16 8 14 14 10 12 16 
1170_2.jpg 25 6 26 40 17 16 24 16 15 7 28 19 12 10 14 17 8 
1681_4.jpg 19 14 19 10 21 14 17 22 19 12 23 
1681_0.jpg 10 10 16 15 10 14 16 15 12 14 14 12 24 19 16 12 16 17 19 12 
1681_2.jpg 25 13 15 24 9 11 8 40 12 35 5 14 19 16 10 19 10 
1681_3.jpg 19 14 19 14 21 14 17 22 15 14 23 
2745_4.jpg 19 14 19 14 21 12 22 10 15 23 
2745_2.jpg 25 28 34 36 24 16 36 15 10 7 14 10 16 12 8 16 10 
2745_3.jpg 19 14 10 12 21 12 22 10 8 23 
2745_1.jpg 10 10 19 19 9 14 8 15 12 14 14 24 8 15 17 19 9 15 17 9 
1552_2.jpg 25 30 29 17 10 13 12 16 8 26 32 14 10 15 10 24 17 
1552_4.jpg 19 14 19 14 21 10 19 22 16 23 
1552_3.jpg 19 14 10 12 21 10 19 22 24 23 
1552_0.jpg 10 14 8 12 9 14 14 15 12 14 14 9 17 19 12 9 24 24 9 9 
2514_2.jpg 25 16 37 24 9 10 8 18 10 28 39 10 19 9 16 8 10 
2514_0.jpg 10 14 10 10 9 14 15 15 12 14 14 12 8 9 15 14 16 24 8 10 
2514_4.jpg 19 14 19 10 21 8 22 10 8 23 
2514_3.jpg 19 14 19 14 21 8 22 10 17 23 
1152_2.jpg 25 28 34 36 24 16 36 15 14 28 14 10 24 10 15 8 17 
1152_4.jpg 19 14 19 10 21 14 8 22 14 19 23 
1152_3.jpg 19 14 19 14 21 14 8 22 14 19 23 
1152_1.jpg 29 30 18 5 19 14 19 14 15 15 14 10 14 14 14 14 19 24 8 12 24 12 
2311_2.jpg 25 13 15 24 24 11 19 40 24 35 5 14 10 12 24 8 10 
2311_3.jpg 19 14 10 12 21 14 16 22 10 10 23 
2311_0.jpg 29 30 18 5 19 14 10 12 17 14 14 10 14 14 14 14 15 16 14 14 12 14 
2311_4.jpg 19 14 19 14 21 14 16 22 10 14 23 
2811_2.jpg 25 6 17 5 15 30 30 32 24 31 5 14 10 16 17 24 17 
2811_3.jpg 19 14 10 12 21 14 16 22 19 15 23 
2811_4.jpg 19 14 19 14 21 14 16 22 19 19 23 
2811_0.jpg 16 14 8 14 10 14 8 14 9 14 10 19 14 10 12 14 14 14 14 15 14 16 
5532_2.jpg 25 20 20 30 36 10 24 13 9 26 30 10 9 17 10 8 17 
5532_3.jpg 19 14 10 12 21 10 19 22 10 12 23 
5532_1.jpg 10 14 8 10 10 19 15 15 12 14 14 9 16 16 8 10 19 15 9 16 
5532_4.jpg 19 14 19 14 21 10 19 22 10 9 23 
1978_3.jpg 19 14 19 14 21 24 22 10 16 23 
1978_4.jpg 19 14 19 10 21 24 22 10 17 23 
1978_1.jpg 10 19 14 15 15 14 14 15 12 14 10 14 10 24 10 8 15 8 17 15 
1978_2.jpg 25 28 13 7 17 19 32 14 15 7 11 19 15 15 14 15 10 
5781_1.jpg 14 19 19 14 8 8 14 10 8 16 19 19 14 15 15 19 14 14 10 19 14 19 
5781_4.jpg 19 14 19 10 21 15 22 24 23 
5781_2.jpg 25 28 13 7 10 11 32 5 16 26 11 9 24 10 8 17 14 
5781_3.jpg 19 14 19 14 21 15 22 24 23 
3122_4.jpg 19 14 19 10 21 16 22 10 10 23 
3122_2.jpg 25 31 20 19 5 10 10 35 9 31 8 14 9 12 9 8 10 
3122_1.jpg 10 19 16 9 12 14 10 15 12 14 14 12 9 8 8 10 24 8 14 24 
3122_3.jpg 19 14 19 14 21 16 22 10 19 23 
